{"object":{"uuid":"542587AA-C760-4B28-BF2A-9AE2618DE17B","objectType":"Scene","name":"library_dj_animation","matrix":[1,0,0,0,0,1,0,0,0,0,1,0,0,0,0,1],"layers":1,"children":[{"uuid":"229BD09A-26E3-42CC-BB34-256B6A7EAF92","objectType":"Mesh3D","name":"Sphere copy 3","matrix":[0.9993908270190958,0,-0.03489949670250097,0,0,1,0,0,0.03489949670250097,0,0.9993908270190958,0,2102.7306385852794,773.6167975834965,-0.8662859248960633,1],"castShadow":true,"receiveShadow":true,"layers":1,"userData":{"positionToCenter":{"x":0,"y":0,"z":0}},"hiddenMatrix":[1,0,0,0,0,1,0,0,0,0,1,0,-897.0670795540861,-429.0052399317342,-17.560323884216388,1],"interaction":{"uuid":"F4F82C83-0E7A-4F16-9758-EAF95162F8C7","events":[{"type":0,"ui":{"isCollapsed":false},"targets":[{"easing":4,"duration":1000,"delay":0,"cubicControls":[0.5,0.05,0.1,0.3],"springParameters":{"mass":1,"stiffness":80,"damping":10,"velocity":0},"object":"229BD09A-26E3-42CC-BB34-256B6A7EAF92"}]},{"type":1,"ui":{"isCollapsed":false},"targets":[{"easing":4,"duration":1000,"delay":0,"cubicControls":[0.5,0.05,0.1,0.3],"springParameters":{"mass":1,"stiffness":80,"damping":10,"velocity":0},"object":"229BD09A-26E3-42CC-BB34-256B6A7EAF92"}]}]},"geometry":"EF08F219-0304-4196-AE58-C298A81A905A","material":"553D2F8A-E3F0-4405-81E8-A9CE381C9AD7"},{"uuid":"39697F74-EAD7-4DF2-8F74-B0A19CBFF99D","objectType":"Mesh3D","name":"Sphere copy 2","matrix":[0.9993908270190958,0,-0.03489949670250097,0,0,1,0,0,0.03489949670250097,0,0.9993908270190958,0,2059.131937227385,178.3466308563689,-468.48717538915736,1],"castShadow":true,"receiveShadow":true,"layers":1,"userData":{"positionToCenter":{"x":0,"y":0,"z":0}},"hiddenMatrix":[1,0,0,0,0,1,0,0,0,0,1,0,-1069.4592006268015,-99.34663085636907,-132.60638646857876,1],"interaction":{"uuid":"52AAC815-407A-48A8-8431-1E5FE976B182"},"geometry":"8E1603D7-CA0B-4115-B6B4-5FF9953210A6","material":"098D7F31-EF9D-4AA5-8E3E-4BB39FCCAA46"},{"uuid":"02409899-3811-4581-A6CF-79CB831EF40B","objectType":"Mesh3D","name":"Sphere copy","matrix":[0.9993908270190958,0,-0.03489949670250097,0,0,1,0,0,0.03489949670250097,0,0.9993908270190958,0,83.00960557623515,-35.211184822044515,775.7944572418179,1],"castShadow":true,"receiveShadow":true,"layers":1,"userData":{"positionToCenter":{"x":0,"y":0,"z":0}},"hiddenMatrix":[1,0,0,0,0,1,0,0,0,0,1,0,-1218.1237855705538,-417.5484217438278,40.09777332312933,1],"interaction":{"uuid":"6C9DD576-60DF-4DCD-9502-77D0FE1F21E2","events":[{"type":9,"ui":{"isCollapsed":false},"distance":1000,"targets":[{"easing":4,"duration":1000,"delay":0,"cubicControls":[0.5,0.05,0.1,0.3],"springParameters":{"mass":1,"stiffness":80,"damping":10,"velocity":0},"object":"02409899-3811-4581-A6CF-79CB831EF40B"}]}]},"geometry":"8572C6C6-2E3A-4964-B5ED-773831767D45","material":"E0ECF750-D81C-4BDB-A4E8-6E99DEA9C8AD"},{"uuid":"D55C801E-17E3-47A7-B73F-32021203372C","objectType":"Mesh3D","name":"Sphere copy","matrix":[0.9993908270190958,0,-0.03489949670250097,0,0,1,0,0,0.03489949670250097,0,0.9993908270190958,0,1375.2405290241913,223.30006369686367,-267.6416204432713,1],"castShadow":true,"receiveShadow":true,"layers":1,"userData":{"positionToCenter":{"x":0,"y":0,"z":0}},"hiddenMatrix":[1,0,0,0,0,1,0,0,0,0,1,0,-1218.1237855705538,-417.5484217438278,40.09777332312933,1],"interaction":{"uuid":"83415CEC-A4EB-4D12-A98E-5CABE45F2F4B"},"geometry":"98380C7E-D245-4E75-99C3-DCE6576046BF","material":"00ABECFC-0344-4194-A625-8FDBF59F78B4"},{"uuid":"6C56C11A-8626-451E-B483-5ADE5FC8D0F0","objectType":"Mesh3D","name":"Sphere copy","matrix":[0.9993908270190958,0,-0.03489949670250097,0,0,1,0,0,0.03489949670250097,0,0.9993908270190958,0,1597.0670795540866,467.58043646020224,11.819747886162437,1],"castShadow":true,"receiveShadow":true,"layers":1,"userData":{"positionToCenter":{"x":0,"y":0,"z":0}},"hiddenMatrix":[1,0,0,0,0,1,0,0,0,0,1,0,-1218.1237855705538,-417.5484217438278,40.09777332312933,1],"interaction":{"uuid":"9FD23C61-3F8F-450E-A343-52FD3BEE04ED","events":[{"type":0,"ui":{"isCollapsed":false},"targets":[{"easing":4,"duration":1000,"delay":0,"cubicControls":[0.5,0.05,0.1,0.3],"springParameters":{"mass":1,"stiffness":80,"damping":10,"velocity":0},"object":"6C56C11A-8626-451E-B483-5ADE5FC8D0F0"}]},{"type":1,"ui":{"isCollapsed":false},"targets":[{"easing":4,"duration":1000,"delay":0,"cubicControls":[0.5,0.05,0.1,0.3],"springParameters":{"mass":1,"stiffness":80,"damping":10,"velocity":0},"object":"6C56C11A-8626-451E-B483-5ADE5FC8D0F0"}]}]},"geometry":"272E67F4-C377-4B5E-A914-D3BF57A867CD","material":"811EA1B1-C5BB-4D64-9DA5-4A7A77E97CA5"},{"uuid":"FBC00EBE-FF4D-4672-8EFE-DFEB7CA1B427","objectType":"Mesh3D","name":"Sphere copy","matrix":[0.9993908270190958,0,-0.03489949670250097,0,0,1,0,0,0.03489949670250097,0,0.9993908270190958,0,2394.0628645930406,-171.71212835854072,60.309401970829086,1],"castShadow":true,"receiveShadow":true,"layers":1,"userData":{"positionToCenter":{"x":0,"y":0,"z":0}},"hiddenMatrix":[1,0,0,0,0,1,0,0,0,0,1,0,-1218.1237855705538,-417.5484217438278,40.09777332312933,1],"interaction":{"uuid":"AFE5F01B-36B9-4DA7-BC61-1122F94D3D79"},"geometry":"7EC8DE2F-B71F-410F-921C-5E11980E0C52","material":"018CB1CF-2578-4D41-8A46-25AB83ED782B"},{"uuid":"376F6DA8-0B50-4526-9B11-9E6004F2C144","objectType":"Mesh3D","name":"Sphere copy","matrix":[0.9993908270190958,0,-0.03489949670250097,0,0,1,0,0,0.03489949670250097,0,0.9993908270190958,0,894.4580246992911,27.42911778492976,186.86652537700763,1],"castShadow":true,"receiveShadow":true,"layers":1,"userData":{"positionToCenter":{"x":0,"y":0,"z":0}},"hiddenMatrix":[1,0,0,0,0,1,0,0,0,0,1,0,-1218.1237855705538,-417.5484217438278,40.09777332312933,1],"interaction":{"uuid":"158F52AF-5A4B-4C46-B1E4-E2F00FEBBF31"},"geometry":"FF4E6EDB-D13A-43CB-A5C4-A62230D59A71","material":"4BAEB95C-D32B-4271-B9FD-94B11985CE4C"},{"uuid":"70E253E3-5419-4C1B-A61D-6A0B2BE90586","objectType":"Mesh3D","name":"Sphere copy","matrix":[0.9993908270190958,0,-0.03489949670250097,0,0,1,0,0,0.03489949670250097,0,0.9993908270190958,0,1978.8936281196093,1081.2425020871076,334.2868328411714,1],"castShadow":true,"receiveShadow":true,"layers":1,"userData":{"positionToCenter":{"x":0,"y":0,"z":0}},"hiddenMatrix":[1,0,0,0,0,1,0,0,0,0,1,0,-1218.1237855705538,-417.5484217438278,40.09777332312933,1],"interaction":{"uuid":"70895035-8908-42F6-ABBC-3695E555A391"},"geometry":"D1FE12A8-BEC0-45C6-A5E2-415DA8F4B4CF","material":"7DFD5160-25C8-4A1F-B08D-64E7075CA8FC"},{"uuid":"F930E6B9-9B93-4EFC-97CC-EE0E8115A132","objectType":"Mesh3D","name":"Sphere copy","matrix":[0.9993908270190958,0,-0.03489949670250097,0,0,1,0,0,0.03489949670250097,0,0.9993908270190958,0,38.701851709928036,1038.750212631286,-221.31504147186652,1],"castShadow":true,"receiveShadow":true,"layers":1,"userData":{"positionToCenter":{"x":0,"y":0,"z":0}},"hiddenMatrix":[1,0,0,0,0,1,0,0,0,0,1,0,-1218.1237855705538,-417.5484217438278,40.09777332312933,1],"interaction":{"uuid":"3FD4E523-3A56-430C-BEC6-B81002456B9D"},"geometry":"FAC40679-C216-4B89-B311-ED2972FDB319","material":"451FE9C6-F4D3-4E45-9F21-B82CAF9D38B1"},{"uuid":"B322EB67-076C-463D-9FCD-838AF9AF214B","objectType":"Mesh3D","name":"Sphere copy","matrix":[0.9993908270190958,0,-0.03489949670250097,0,0,1,0,0,0.03489949670250097,0,0.9993908270190958,0,391.3513077358435,226.53165855426658,232.83028363249556,1],"castShadow":true,"receiveShadow":true,"layers":1,"userData":{"positionToCenter":{"x":0,"y":0,"z":0}},"hiddenMatrix":[1,0,0,0,0,1,0,0,0,0,1,0,-1218.1237855705538,-417.5484217438278,40.09777332312933,1],"interaction":{"uuid":"216A54D1-1A0D-4B17-94C6-448C17119210"},"geometry":"6F09773A-1C12-49A9-86D2-E690AAA391EC","material":"7F13FD7E-712C-4CE5-8858-93FF70185422"},{"uuid":"925D62D0-19E3-4B44-B8CF-892868D88258","objectType":"Mesh3D","name":"Sphere copy","matrix":[0.9993908270190958,0,-0.03489949670250097,0,0,1,0,0,0.03489949670250097,0,0.9993908270190958,0,1546.8399721403516,-57.65336914363097,458.5090420855983,1],"castShadow":true,"receiveShadow":true,"layers":1,"userData":{"positionToCenter":{"x":0,"y":0,"z":0}},"hiddenMatrix":[1,0,0,0,0,1,0,0,0,0,1,0,-1218.1237855705538,-417.5484217438278,40.09777332312933,1],"interaction":{"uuid":"05CD60F3-8C11-426D-BA84-A3E364EDEE3C"},"geometry":"6FF5762B-A43C-4F69-8F11-0EAA3A09C15E","material":"E2273AF1-DC68-4D5D-8B84-CFEA3BA5EF2A"},{"uuid":"7CC9B45C-3B69-408A-98A6-D99AF3B8D46A","objectType":"Mesh3D","name":"Sphere copy","matrix":[0.9993908270190958,0,-0.03489949670250097,0,0,1,0,0,0.03489949670250097,0,0.9993908270190958,0,985.1903814692823,704.2275023609774,-381.7443782227164,1],"castShadow":true,"receiveShadow":true,"layers":1,"userData":{"positionToCenter":{"x":0,"y":0,"z":0}},"hiddenMatrix":[1,0,0,0,0,1,0,0,0,0,1,0,-1218.1237855705538,-417.5484217438278,40.09777332312933,1],"interaction":{"uuid":"E5BFD702-4466-464A-A741-73DBA91F2944","events":[{"type":9,"ui":{"isCollapsed":false},"distance":1000,"targets":[{"easing":4,"duration":1000,"delay":0,"cubicControls":[0.5,0.05,0.1,0.3],"springParameters":{"mass":1,"stiffness":80,"damping":10,"velocity":0},"object":"7CC9B45C-3B69-408A-98A6-D99AF3B8D46A"}]}]},"geometry":"123E98D6-93F8-42A0-B1F0-5A2E1B4E2680","material":"4816600D-611F-4AD5-A0F1-A168DB9816D3"},{"uuid":"2BD057A0-4D84-4B74-86E9-0B77CD1C3C65","objectType":"EmptyObject","name":"Empty Object","matrix":[1,0,0,0,0,1,0,0,0,0,1,0,0.0020466323357908323,70.9144341222618,-24.934989693164027,1],"visible":false,"layers":1,"children":[{"uuid":"13FFFF11-A365-49F9-AE0B-FE5F17AA73AD","objectType":"Mesh3D","name":"Cylinder","matrix":[1.0442084406668712e-15,-0.48183304723211245,-1.818321748642848,0,0,0.9009168348123898,-0.23873195387139765,0,1.5738994739217786,2.6210691515900694e-16,8.736897171966899e-16,0,37.94461337827676,141.48258401051822,-1.6891806472843238,1],"castShadow":true,"receiveShadow":true,"layers":1,"userData":{"positionToCenter":{"x":-6.375734329223633,"y":0,"z":1.1596298217773438}},"hiddenMatrix":[1.2986475240145419,-1.1102230246251565e-16,0,0,0,1.2184104290499755,0.44346512929370374,0,2.7755575615628914e-17,-0.44370180755762434,1.2190606972357734,0,-47.686133571320006,-254.54190467431744,-50.59436926125235,1],"interaction":{"uuid":"501A5DDA-87C4-4234-879B-356DECE77EAF"},"geometry":"988BBCAA-7C38-4CB4-B7DA-8A45B88F692D","material":"E263E2B7-BC6B-4A01-94A5-F63112F91CB9"},{"uuid":"51D12EF1-F881-41AC-96C6-38564A47385F","objectType":"Mesh3D","name":"Cylinder copy","matrix":[1.4618918169336285e-15,1.7184508997646926,-0.765103634869505,0,-0.932010777323757,7.243178769285373e-16,-1.5521097362754373e-16,0,2.6210691515900867e-16,0.6401625885617163,1.4378287151873295,0,37.94461337827676,153.48,-1.6891806472843238,1],"castShadow":true,"receiveShadow":true,"layers":1,"userData":{"positionToCenter":{"x":-6.375734329223633,"y":0,"z":1.1596298217773438}},"hiddenMatrix":[1.2986475240145419,-1.1102230246251565e-16,0,0,0,1.2184104290499755,0.44346512929370374,0,2.7755575615628914e-17,-0.44370180755762434,1.2190606972357734,0,-47.686133571320006,-254.54190467431744,-50.59436926125235,1],"interaction":{"uuid":"67FA9D3A-EB0E-4710-A847-03DE046435CC"},"geometry":"01DE10C3-5939-4EC1-8E43-1BE50BB4BB21","material":"B992EFE5-DD5D-4FDB-A763-A78AB212B708"},{"uuid":"78870653-1650-4689-945F-6F108DAB475E","objectType":"Mesh3D","name":"Cube 2","matrix":[1.1102230246251562e-16,0.1391731009600661,-0.9902680687415699,0,8.326672684688657e-17,0.9902680687415681,0.13917310096006583,0,0.9999999999999998,-9.714451465470117e-17,1.1102230246251563e-16,0,-180.92000000000002,-20.61079238325368,38.76346327861217,1],"castShadow":true,"receiveShadow":true,"layers":1,"hiddenMatrix":[1,0,0,0,-5.551115123125783e-17,0.9999999999999933,-1.429412144204889e-15,0,-1.3877787807814457e-17,-4.163336342344337e-17,1.0000000000000002,0,-0.0020466323357879457,-70.91443412226184,24.934989693164056,1.0000000000000002],"interaction":{"uuid":"522DDAE7-DEC3-4956-9AA1-E47C30323032"},"geometry":"07DB7796-7A77-4EBA-93F0-684E01414075","material":"CCAA1878-B441-44B5-9C53-E02387DF3F52"},{"uuid":"EE7BD39D-3D33-4EE8-BA28-C828E2DFDD31","objectType":"Mesh3D","name":"Cube","matrix":[1.1102230246251562e-16,0.1391731009600661,-0.9902680687415699,0,8.326672684688657e-17,0.9902680687415681,0.13917310096006583,0,0.9999999999999998,-9.714451465470117e-17,1.1102230246251563e-16,0,180.9240932646716,-20.610792383253695,38.76346327861222,1],"castShadow":true,"receiveShadow":true,"layers":1,"hiddenMatrix":[1,0,0,0,-5.551115123125783e-17,0.9999999999999933,-1.429412144204889e-15,0,-1.3877787807814457e-17,-4.163336342344337e-17,1.0000000000000002,0,-0.0020466323357879457,-70.91443412226184,24.934989693164056,1.0000000000000002],"interaction":{"uuid":"35C90882-5587-4619-9E15-1E1464FC4C3F"},"geometry":"3CD375D0-1B8E-4FEF-9534-2855056D3F38","material":"E622381A-D9E0-4D34-915B-D4A69EAA75DD"},{"uuid":"E718E86D-8BB5-49B9-8F72-594ED5B6DC9D","objectType":"Mesh3D","name":"L","matrix":[0,-1.7314659886952133,0,0,0,0,0.8052068330055533,0,-1.7314659886952017,0,0,0,0,100.33,-133.10707278913128,1],"castShadow":true,"receiveShadow":true,"layers":1,"userData":{"positionToCenter":{"x":-6.375734329223633,"y":0,"z":1.1596298217773438}},"hiddenMatrix":[1.1516827684237034,-3.4094949086238557e-13,3.8929970358481114e-13,0,3.4516833835596117e-13,1.3429180726176373,-0.00006222815051559749,0,-2.76292877465778e-13,-0.00006222814980469393,1.3436238993713798,0,1.1544094014640252,-194.05163222319717,28.1424489564735,1.0000000000000002],"interaction":{"uuid":"17CE9FDF-0C3F-47C4-8AA0-E53E6A665ACF"},"geometry":"02AAD02A-561F-46BE-A767-6567E72FFE2A","material":"9C8FBC8E-09F8-404E-9D6C-87EF99E5506D"},{"uuid":"F72B1CCC-2256-42AA-8282-9947E386699F","objectType":"Mesh3D","name":"Cube","matrix":[1,0,0,0,0,0.9063077870366499,0.42261826174069955,0,0,-0.42261826174069955,0.9063077870366499,0,-1.0896555718583707e-14,-131.3204185658986,257.7879868671158,1],"castShadow":true,"receiveShadow":true,"layers":1,"hiddenMatrix":[0.9999999999999998,-3.885780586188048e-16,-3.3306690738754696e-16,0,-1.6653345369377348e-16,0.9659258262890371,-0.25881904510252746,0,8.326672684688674e-17,0.25881904510251225,0.9659258262890664,0,-0.0020466323358119265,-45.02751028413344,-131.35249899947607,1.0000000000000002],"interaction":{"uuid":"818E1B98-C7C6-4564-88A9-50380EC4FE5B"},"geometry":"9059D939-92E1-403F-92E1-B48F89D99674","material":"99B250F7-DBB5-434E-8B08-32DCEBA0D3E4"}],"hiddenMatrix":[1,0,0,0,0,1,1.3877787807814457e-17,0,1.3877787807814457e-17,-1.3877787807814457e-17,1,0,-8.881784197001252e-16,3.552713678800501e-15,0,0.9999999999999999],"interaction":{"uuid":"407A5A32-2F78-4640-8B45-1BB7BA3220AA"},"enableHelper":false},{"uuid":"EEBF4A80-8857-4D21-968D-F94AA8FA5C3F","objectType":"Mesh3D","name":"bg","matrix":[1,0,0,0,0,2.220446049250313e-16,1,0,0,-1,2.220446049250313e-16,0,1.9747055791018946e-15,-2.930988785010413e-14,-252.06598824072046,1],"castShadow":true,"receiveShadow":true,"visible":false,"layers":1,"userData":{"positionToCenter":{"x":-6.375734329223633,"y":0,"z":1.1596298217773438}},"hiddenMatrix":[1,0,0,0,0,1,0,0,2.7755575615628914e-17,0,1,0,0,0,0,1],"interaction":{"uuid":"24DAC367-FD03-41A6-810D-4901CA796D42"},"geometry":"D4B7A3DC-0086-47ED-94BA-445B10CE5ABE","material":"085FF87E-1887-48A1-AB27-5E6AA834439F"},{"uuid":"AF82D6E4-AA58-4A0E-9812-7A860961B00C","objectType":"LightSpot","name":"Spot Light","matrix":[1,0,0,0,0,0.3907311284892737,0.9205048534524407,0,0,-0.9205048534524407,0.3907311284892737,0,0,328.2800973808878,750.4778918689045,1],"castShadow":true,"layers":1,"hiddenMatrix":[1,0,0,0,0,1,0,0,2.7755575615628914e-17,0,1,0,0,0,0,1],"interaction":{"uuid":"FA91E1D2-3C50-4A6F-B973-F701872F8CAD"},"enableHelper":false,"color":16777215,"intensity":0.9,"distance":2000,"angle":1.4311699866353502,"decay":2,"penumbra":0.5,"shadow":{"mapSize":[1024,1024],"camera":{"uuid":"20ECD44C-4F77-4E3E-B21E-590B1A5B72B8","type":"PerspectiveCamera","layers":1,"fov":164,"zoom":1,"near":100,"far":2000,"focus":10,"aspect":1,"filmGauge":35,"filmOffset":0}}},{"uuid":"D0730A8B-5E3C-44DF-9B25-ECBA7D4168DA","objectType":"EmptyObject","name":"HEAD","matrix":[1,0,0,0,0,1,0,0,0,0,1,0,0.0020466323357766214,216.1039139327657,-6.557401467173065,1],"layers":1,"children":[{"uuid":"B1077469-1C16-4B1A-A56B-5D80D880E8F6","objectType":"Mesh3D","name":"head","matrix":[1.2986475240145419,-2.4564693739964946e-34,-1.601873155242221e-33,0,2.452606378360454e-34,1.2966052963478232,-3.025273790786871e-67,0,1.600207659492336e-33,0,1.2972972972972974,0,9.123477102429348e-18,0,-3.608224830031759e-16,1],"castShadow":true,"receiveShadow":true,"layers":1,"userData":{"positionToCenter":{"x":-6.375734329223633,"y":0,"z":1.1596298217773438}},"children":[{"uuid":"31962266-7361-4786-A9C2-119532DB018A","objectType":"Mesh3D","name":"cheek1","matrix":[1,1.6223378294295878e-34,7.083279934904375e-36,0,-1.6223378294295876e-34,0.9961946980917454,0.08715574274765817,0,7.083279934904546e-36,-0.08715574274765818,0.9961946980917455,0,2099.9999999999995,-4.84209244914571,-1056.4100252576172,1],"castShadow":true,"receiveShadow":true,"layers":1,"hiddenMatrix":[0.7700318843319973,1.4588554791426199e-34,9.508178323980068e-34,0,1.86275164233235e-18,0.768309909652343,-0.06718255170131984,0,-2.129134869891335e-17,0.06721840716920692,0.7679000797790538,0,-1549.9589921835243,-3.051019569295619,904.2294951657892,1],"interaction":{"uuid":"3945EE83-0C07-418F-8064-2F0CB883E05F","selectedState":1,"states":["7D4DABEC-8B0A-42F5-8298-CD38454ACDEE","DD4FA3B5-09AC-4B97-8E48-2B051770D79E"]},"geometry":"E8E53EEF-3E94-42D1-B223-FA8775B24A6D","material":"B9714885-8E71-4D75-9FBE-FF9F7DE78155"},{"uuid":"5A735EC9-8531-4A7B-995D-8D1E04BBF0E7","objectType":"Mesh3D","name":"cheek2","matrix":[1,1.6223378294295878e-34,7.083279934904375e-36,0,-1.6223378294295876e-34,0.9961946980917454,0.08715574274765817,0,7.083279934904546e-36,-0.08715574274765818,0.9961946980917455,0,1932.7299999999998,-4.84209244914571,-1056.4100252576172,1],"castShadow":true,"receiveShadow":true,"layers":1,"hiddenMatrix":[0.7700318843319973,1.4588554791426199e-34,9.508178323980068e-34,0,1.86275164233235e-18,0.768309909652343,-0.06718255170131984,0,-2.129134869891335e-17,0.06721840716920692,0.7679000797790538,0,-1549.9589921835243,-3.051019569295619,904.2294951657892,1],"interaction":{"uuid":"8D1872BE-3732-4342-9A27-1B31E643F880","selectedState":1,"states":["CD324BBE-FAE0-482D-A35C-5DA25F3EB9BF","CA697659-886A-4FAA-A1CC-80E22A10325D"]},"geometry":"12800EE3-F6F0-4AF5-B3A6-814CE8D7714D","material":"68ABF983-2A09-4D2A-B5E8-1AD2025DC979"},{"uuid":"AFAC4863-2343-494F-933E-F305EAC951BF","objectType":"Mesh3D","name":"smile","matrix":[5.793042422058125e-17,-1.3259282140430946e-16,-1.6842510572352819e-16,0,2.116341063400288e-16,7.67141897883923e-18,6.675298450872242e-17,0,-3.4042290751271746e-17,-1.7794409127366173e-16,1.2837768263023704e-16,0,53.48292781698403,-156.37358424909715,175.05131440018602,1],"castShadow":true,"receiveShadow":true,"layers":1,"userData":{"positionToCenter":{"x":-6.375734329223633,"y":0,"z":1.1596298217773438}},"hiddenMatrix":[0.770031884331999,3.1682210200118622e-34,-2.4845993914017017e-33,0,1.862751642332349e-18,0.7683099096523179,-0.06718255170132299,0,-2.129134869891332e-17,0.06721840716920682,0.767900079779053,0,1.3415917682335632e-15,1.1625943811279171,-48.62881811471168,1],"interaction":{"uuid":"5B349994-1B5C-4226-8956-B7F7E70052A2","selectedState":1,"states":["D41B675A-6DDC-447D-94D6-BC2D6B971BE6","84459409-EB32-4B99-AAF7-CE45A9FFFB08"]},"geometry":"4FDCD2ED-4807-46BF-A725-AEA11EDC6911","material":"6F31EA53-7689-4CAE-A35B-5F2C839AC6C3"},{"uuid":"A04A6D33-E108-4403-A95D-AEE5792E63DB","objectType":"Mesh3D","name":"widemouth","matrix":[1,0,0,0,0,0.9961946980917455,0.08715574274765818,0,0,-0.08715574274765818,0.9961946980917455,0,0,-165.33006601318732,115.58,1],"castShadow":true,"receiveShadow":true,"layers":1,"hiddenMatrix":[0.7700318843319971,1.4588554791426196e-34,9.508178323980068e-34,0,1.86275164233235e-18,0.768309909652343,-0.06718255170131984,0,-2.129134869891335e-17,0.06721840716920692,0.7679000797790538,0,-7.025368264843493e-18,12.387052132158715,-4.065946130418386e-16,1],"interaction":{"uuid":"D1A67E56-8494-4ACF-8851-3C5DFDA91E6C","selectedState":1,"states":["44DD8A3C-11A4-49F1-A9DC-4C981DE28366","2E225BE9-C897-426B-8FA9-D965EC154EF8"]},"geometry":"37BD4C86-A8E8-44B2-9613-CCDFDC6ECB03","material":"F45D4CE7-86C2-453E-8211-2318BDE559F9"},{"uuid":"6FCD61F1-D107-4693-93A8-AA6B97354F33","objectType":"Mesh3D","name":"nose","matrix":[0.7071067811865472,9.27416837373615e-18,-0.7071067811865478,0,1.3719303329194787e-17,1,2.6834958023064066e-17,0,0.7071067811865478,-2.867619320819376e-17,0.7071067811865472,0,0.9999999900004012,-16.558060886417216,154.6822365710411,1],"castShadow":true,"receiveShadow":true,"layers":1,"userData":{"positionToCenter":{"x":-6.375734329223633,"y":0,"z":1.1596298217773438}},"hiddenMatrix":[0.7700318843319974,3.08865120895958e-34,9.1105352643926e-34,0,1.8627516423323504e-18,0.7683099096523179,-0.067182551701323,0,-2.1291348698913347e-17,0.06721840716920692,0.7679000797790538,0,-6.938893903907228e-18,12.387052132157521,-1.7763568394002505e-13,1],"interaction":{"uuid":"609C6D68-1263-41D2-8806-45FE2D2FB6BB"},"geometry":"AA753F4E-F5BD-4C54-9994-1036257FBEF1","material":"5D6F6820-C7F3-49DC-B8FA-C1E0F8CCB440"},{"uuid":"9245768C-13F5-4794-A4D6-C60A6CC85CA8","objectType":"EmptyObject","name":"vr","matrix":[1,0,0,0,0,1,0,0,0,0,1,0,0.0018123279088797517,440.4569554357043,-20.14865235643427,1],"layers":1,"children":[{"uuid":"F338F246-DE72-4A69-8ECA-B2689DEDDDCE","objectType":"Mesh3D","name":"Cylinder","matrix":[1.0442084406668712e-15,-0.48183304723211245,-1.818321748642848,0,0,0.9009168348123898,-0.23873195387139765,0,1.5738994739217786,2.6210691515900694e-16,8.736897171966899e-16,0,37.94461337827676,141.48258401051822,-1.6891806472843238,1],"castShadow":true,"receiveShadow":true,"layers":1,"userData":{"positionToCenter":{"x":-6.375734329223633,"y":0,"z":1.1596298217773438}},"hiddenMatrix":[1.2999999999999996,-2.220446049250313e-16,0,0,0,1.2180547638439232,0.4438036623424022,0,5.551115123125783e-17,-0.4437349030078594,1.2204380895729967,0,-47.7357962775601,-254.44848950412836,-50.625852790653624,0.9999999999999999],"interaction":{"uuid":"F80EFADA-D117-4CFD-A4F1-22F5C2A82269"},"geometry":"199728C6-9DE9-4CC0-93B0-226F0A364BAA","material":"F11041F8-A672-4CE0-B041-6DA027F02D54"},{"uuid":"1F82C678-9980-42F5-BF8F-D932759E26FC","objectType":"Mesh3D","name":"Cylinder copy","matrix":[1.4618918169336285e-15,1.7184508997646926,-0.765103634869505,0,-0.932010777323757,7.243178769285373e-16,-1.5521097362754373e-16,0,2.6210691515900867e-16,0.6401625885617163,1.4378287151873295,0,37.94461337827676,153.48,-1.6891806472843238,1],"castShadow":true,"receiveShadow":true,"layers":1,"userData":{"positionToCenter":{"x":-6.375734329223633,"y":0,"z":1.1596298217773438}},"hiddenMatrix":[1.2999999999999996,-2.220446049250313e-16,0,0,0,1.2180547638439232,0.4438036623424022,0,5.551115123125783e-17,-0.4437349030078594,1.2204380895729967,0,-47.7357962775601,-254.44848950412836,-50.625852790653624,0.9999999999999999],"interaction":{"uuid":"B24E6D97-2517-46F8-A3AB-2A9D52FAE04C"},"geometry":"CAC5585B-AE59-473A-83CD-51C38151C339","material":"DBAC77A5-3C09-4495-85E5-19F3FFE427E6"},{"uuid":"7164849E-D5AF-4E0F-B041-BD697F37ECD9","objectType":"Mesh3D","name":"Cube 2","matrix":[1.1102230246251562e-16,0.1391731009600661,-0.9902680687415699,0,8.326672684688657e-17,0.9902680687415681,0.13917310096006583,0,0.9999999999999998,-9.714451465470117e-17,1.1102230246251563e-16,0,-180.92000000000002,-20.61079238325368,38.76346327861217,1],"castShadow":true,"receiveShadow":true,"layers":1,"hiddenMatrix":[1.0010414496315958,-1.1102230246251565e-16,0,0,-5.551115123125783e-17,0.9997509629971433,-0.00011779037653805724,0,1.3877787807814457e-17,-0.00011779037653668334,1.001087007839106,0,-0.0020487638002946174,-70.87564561861087,24.963977620130088,1],"interaction":{"uuid":"F72469CC-4FC0-4032-9D7B-2571D0F3D3AB"},"geometry":"01080FC3-66E4-4647-9261-F94D5BD25527","material":"F20FE7AF-9C65-47E2-8DA5-D1AAF654CC33"},{"uuid":"6E02588E-D862-457E-A54F-5962CCBA397A","objectType":"Mesh3D","name":"Cube","matrix":[1.1102230246251562e-16,0.1391731009600661,-0.9902680687415699,0,8.326672684688657e-17,0.9902680687415681,0.13917310096006583,0,0.9999999999999998,-9.714451465470117e-17,1.1102230246251563e-16,0,180.9240932646716,-20.610792383253695,38.76346327861222,1],"castShadow":true,"receiveShadow":true,"layers":1,"hiddenMatrix":[1.0010414496315958,-1.1102230246251565e-16,0,0,-5.551115123125783e-17,0.9997509629971433,-0.00011779037653805724,0,1.3877787807814457e-17,-0.00011779037653668334,1.001087007839106,0,-0.0020487638002946174,-70.87564561861087,24.963977620130088,1],"interaction":{"uuid":"B5F16EC3-BFA0-41D9-AE84-8F6D9973E379"},"geometry":"44224F2D-D563-435A-9FA6-8067128B12B7","material":"EE40AF80-079B-412C-875D-E96F730F04F9"},{"uuid":"E8395A82-968D-479A-83DE-B359CBEF0426","objectType":"Mesh3D","name":"L","matrix":[0,-1.7314659886952133,0,0,0,0,0.8052068330055533,0,-1.7314659886952017,0,0,0,0,100.33,-133.10707278913128,1],"castShadow":true,"receiveShadow":true,"layers":1,"userData":{"positionToCenter":{"x":-6.375734329223633,"y":0,"z":1.1596298217773438}},"hiddenMatrix":[1.1528821880185935,-3.411715354673106e-13,3.89757670582469e-13,0,3.455014052633487e-13,1.3425836436556364,-0.00022047861843454974,0,-2.765426776463187e-13,-0.00022047861772334088,1.3450844364126837,0,1.1556116607098763,-193.98255580862613,28.189427793732342,1],"interaction":{"uuid":"2A4E356A-0E8B-40CB-A23B-85503326F982"},"geometry":"7BBEDC5D-6B9E-405B-B2D4-683FAB13B3B2","material":"F40AF29D-23CB-43E2-A9B5-5AB10F331FDB"},{"uuid":"F1E321B6-A663-4B9D-A48A-271946094427","objectType":"Mesh3D","name":"Cube","matrix":[1,0,0,0,0,0.9063077870366499,0.42261826174069955,0,0,-0.42261826174069955,0.9063077870366499,0,-1.0896555718583707e-14,-131.3204185658986,257.7879868671158,1],"castShadow":true,"receiveShadow":true,"layers":1,"hiddenMatrix":[1.0010414496315956,-4.996003610813204e-16,-3.3306690738754696e-16,0,-1.6653345369377348e-16,0.9657157614090601,-0.2592141602002488,0,1.1102230246251565e-16,0.25864081281645435,0.96694530884146,0,-0.0020487638003239272,-44.97675942026706,-131.49644602837938,1],"interaction":{"uuid":"9166AD76-633C-4860-99B3-ECFB421A3EBA"},"geometry":"8D6338B8-174E-44C2-9DC9-9DD560C82D27","material":"A1926148-3C17-46FE-89FC-4593D6822106"}],"hiddenMatrix":[0.7692307692307696,5.551115123125783e-17,-1.5407439555097887e-33,0,5.551115123125784e-17,0.7685092166197259,-0.0671089122086842,0,-1.387778780781445e-17,0.06723584426941466,0.7670583765266793,0,0.00018187376261469268,12.390265452414269,0,1],"interaction":{"uuid":"79D3931F-2E3F-4A20-ACA9-EEE9414A02E8","selectedState":1,"states":["3FE23F02-5B31-460C-A3FC-313C4CE21516","FAE786D7-C330-4FA3-9FBC-C73BACE54D4E"]},"enableHelper":false},{"uuid":"C031F2A4-4EF5-424D-84FE-67ABB00009BE","objectType":"Mesh3D","name":"glasses","matrix":[-0.7461842776277691,0.6166107376139924,0.10872510963589445,0,-3.65666645200421e-18,-0.011438665054540977,0.06487189316451492,0,0.6258361991288439,0.7345115146255657,0.12951419766952713,0,-1.1325885644053337,-25.754355457922088,182.60523499043518,1],"castShadow":true,"receiveShadow":true,"visible":false,"layers":1,"userData":{"positionToCenter":{"x":-6.375734329223633,"y":0,"z":1.1596298217773438}},"children":[{"uuid":"5D2E0711-E7BE-4DE6-9C63-2939E3C041AD","objectType":"Mesh3D","name":"Cylinder","matrix":[-4.6629367034256575e-15,0.9998476951563914,0.017452406437283564,0,-1.0000000000000029,-4.66293670342567e-15,-3.989863994746667e-17,0,3.816391647148975e-17,-0.017452406437283564,0.999847695156391,0,-0.0002531051241101423,46.403573827585845,195.68719829154446,1],"castShadow":true,"receiveShadow":true,"layers":1,"userData":{"positionToCenter":{"x":-6.375734329223633,"y":0,"z":1.1596298217773438}},"hiddenMatrix":[-0.7003834908516371,-4.48705330361715e-16,0.5876915288562643,0,0.5876915288562646,-1.9179518822891344e-14,0.7003834908516371,0,6.524686667133848e-16,13.493492487949904,7.775818776108304e-16,0,15.800665358143565,-2666.339328126478,20.639536137052506,1],"interaction":{"uuid":"07726690-BE5D-48E2-BA01-D28FEBF6D318"},"geometry":"6A73C1A3-17F2-411F-A6AC-11EFF76B8F0B","material":"0F003156-9C23-4F42-A605-29872212CBD4"},{"uuid":"DA2C2471-9200-4CD0-847E-7C831EFB29DC","objectType":"Mesh3D","name":"R","matrix":[1.0064208984374985,-1.9428902930940227e-16,-6.134415891922975e-16,0,4.1462948762387556e-17,1.510451693912957e-17,0.06802469685867528,0,-1.9428902930940212e-16,-1.006420898437498,2.234703307818493e-16,0,94.00999999999996,16.986327741587388,171.8500482647548,1],"castShadow":true,"receiveShadow":true,"layers":1,"userData":{"positionToCenter":{"x":-6.375734329223633,"y":0,"z":1.1596298217773438}},"children":[{"uuid":"A3333A67-D623-48AF-820E-B9C99AF7CFAB","objectType":"Mesh3D","name":"Cylinder 3","matrix":[1.0000000000000002,0,0,0,0,1.501799133288176e-17,0.06763502017061963,0,0,-1,2.220446049250313e-16,0,-96.00000000000001,16.00000000000002,172.94823906612768,1],"castShadow":true,"receiveShadow":true,"layers":1,"userData":{"positionToCenter":{"x":-6.375734329223633,"y":0,"z":1.1596298217773438}},"hiddenMatrix":[0.9999999999999998,0,0,0,0,3.2829827560469413e-15,-1,0,0,14.785239916796769,2.220446049250313e-16,0,96,-2607.899346833573,15.999999999999984,1],"interaction":{"uuid":"0407E1E0-589F-41E7-A950-8F53280EEFA0"},"geometry":"8386C66C-EF3B-4FFE-9DD0-59DDB2F90EFA","material":"99CBB19E-F34D-4766-AAEA-BFED8173EA4A"}],"hiddenMatrix":[-0.7003834908516372,-2.888839095489287e-15,0.5876915288562646,0,0.5876915288562649,-3.4427843704759647e-15,0.7003834908516369,0,-2.502264217948909e-17,13.493492487949885,2.860101088648429e-16,0,-10.646407348926921,-2322.7912434335326,-10.87885777519905,0.9999999999999999],"interaction":{"uuid":"A9CAAF0B-BB72-4289-8AF5-624748CD566A"},"geometry":"F4B8C2FE-F44F-4520-8C0A-B6D83B649EE6","material":"660567FC-9CE8-4B71-878D-C42EC17F8EBE"},{"uuid":"6305CA06-D2B5-4C93-9AA6-11D849FCA06F","objectType":"Mesh3D","name":"L","matrix":[1.0064208984374985,-1.9428902930940227e-16,-6.134415891922975e-16,0,4.1462948762387556e-17,1.510451693912957e-17,0.06802469685867528,0,-1.9428902930940212e-16,-1.006420898437498,2.234703307818493e-16,0,-94.01367332284578,16.986327741587438,171.8500482647548,1],"castShadow":true,"receiveShadow":true,"layers":1,"userData":{"positionToCenter":{"x":-6.375734329223633,"y":0,"z":1.1596298217773438}},"children":[{"uuid":"34823631-17D8-411C-B36F-BBB7A664B3F8","objectType":"Mesh3D","name":"Cylinder 3","matrix":[1.0000000000000002,0,0,0,0,1.501799133288176e-17,0.06763502017061963,0,0,-1,2.220446049250313e-16,0,-96.00000000000001,16.00000000000002,172.94823906612768,1],"castShadow":true,"receiveShadow":true,"layers":1,"userData":{"positionToCenter":{"x":-6.375734329223633,"y":0,"z":1.1596298217773438}},"hiddenMatrix":[0.9999999999999998,0,0,0,0,3.2829827560469413e-15,-1,0,0,14.785239916796769,2.220446049250313e-16,0,96,-2607.899346833573,15.999999999999984,1],"interaction":{"uuid":"0D2F04C8-1AE3-44BD-B96D-34A9BDDCC44B"},"geometry":"48A76120-7380-4964-9A2B-74E9D3230864","material":"37175F03-C1DB-4F1C-A1D5-03EE7257394B"}],"hiddenMatrix":[-0.7003834908516372,-2.888839095489287e-15,0.5876915288562646,0,0.5876915288562649,-3.4427843704759647e-15,0.7003834908516369,0,-2.502264217948909e-17,13.493492487949885,2.860101088648429e-16,0,-10.646407348926921,-2322.7912434335326,-10.87885777519905,0.9999999999999999],"interaction":{"uuid":"A18C92E6-34F0-4693-889D-5AB1668DBA91"},"geometry":"3F394004-01CB-4196-A103-9122387FC728","material":"BB043775-45AE-480D-BF6A-27581D403A5A"}],"hiddenMatrix":[0.7700318843319974,3.08865120895958e-34,9.1105352643926e-34,0,1.8627516423323504e-18,0.7683099096523179,-0.067182551701323,0,-2.1291348698913347e-17,0.06721840716920692,0.7679000797790538,0,-6.938893903907228e-18,12.387052132157521,-1.7763568394002505e-13,1],"interaction":{"uuid":"7AC9AFA8-ADD2-4A40-9677-6363DBDD05CD"},"geometry":"44DD1FE7-5F81-425F-B7C7-611EE23AC930","material":"EA33DBC9-FCD8-47AD-8037-0A84194990A5"},{"uuid":"E817108A-3B7C-42F3-9E19-93B61723ADC9","objectType":"EmptyObject","name":"eyes","matrix":[1.0000000000000009,2.4074124304840486e-35,3.6083913802225455e-34,0,-2.4074124304840464e-35,0.9999999999999997,4.2919667016139457e-17,0,-1.699198859766681e-34,-2.0210958726681142e-17,0.47090203936300423,0,8.427869436638544e-31,-14.000000001703235,166.92904575725382,1],"layers":1,"userData":{"positionToCenter":{"x":-6.375734329223633,"y":0,"z":1.1596298217773438}},"children":[{"uuid":"131AF953-506A-4AE3-BFD7-27709B91325E","objectType":"Mesh3D","name":"R","matrix":[1,0,0,0,0,1,0,0,0,0,1,0,59.5,-10,154.39753367207874,1],"castShadow":true,"receiveShadow":true,"layers":1,"userData":{"positionToCenter":{"x":-6.375734329223633,"y":0,"z":1.1596298217773438}},"hiddenMatrix":[1,0,0,0,0,1,0,0,0,0,1,0,0,10,-154.39753367207874,1],"interaction":{"uuid":"DA584A43-E55B-46EE-B161-CA15A83C76AF"},"geometry":"17BE53B1-07E9-4C57-9AC8-FFEBE64A56CF","material":"F72FE4A6-31EC-4371-BBD6-E28A46098F58"},{"uuid":"11C5ADC5-1CBE-4044-8D6A-E0A6DC463A8C","objectType":"Mesh3D","name":"L","matrix":[1,0,0,0,0,1,0,0,0,0,1,0,-59.5,-10,154.39753367207874,1],"castShadow":true,"receiveShadow":true,"layers":1,"userData":{"positionToCenter":{"x":-6.375734329223633,"y":0,"z":1.1596298217773438}},"hiddenMatrix":[1,0,0,0,0,1,0,0,0,0,1,0,0,10,-154.39753367207874,1],"interaction":{"uuid":"17B4D926-57D0-4786-BF29-CD5F2B91944C"},"geometry":"AE75B3D1-FDA9-44B5-8F9B-3FCCE42BD38B","material":"C6382E21-840E-46BF-817A-9C9EF7DB33DA"}],"hiddenMatrix":[0.7700318843319974,3.08865120895958e-34,9.1105352643926e-34,0,1.8627516423323504e-18,0.7683099096523179,-0.067182551701323,0,-2.1291348698913347e-17,0.06721840716920692,0.7679000797790538,0,-6.938893903907228e-18,12.387052132157521,-1.7763568394002505e-13,1],"interaction":{"uuid":"8DE6199D-0775-4E13-8D66-01A9FECBA045"},"enableHelper":false}],"hiddenMatrix":[1,0,0,0,0,0.9961946980917455,0.08715574274765818,0,2.7755575615628914e-17,-0.08715574274765818,0.9961946980917455,0,-0.0020466323357766214,-232.10391393276572,5.1575828507582795,1],"interaction":{"uuid":"82652EB7-EFE9-4DB6-B49E-B83BEA8D1178","selectedState":0,"states":["8D32D8A6-34BE-46EF-987D-90E5EC17A2FC"],"events":[{"type":9,"ui":{"isCollapsed":false},"distance":1000,"targets":[{"easing":4,"duration":3000,"delay":5000,"cubicControls":[0.5,0.05,0.1,0.3],"springParameters":{"mass":1,"stiffness":80,"damping":10,"velocity":0},"repeat":true,"cycle":true,"rewind":true,"object":"B1077469-1C16-4B1A-A56B-5D80D880E8F6"}]}]},"geometry":"F37731CC-D3C4-40AD-A941-89D41CEDF0F7","material":"46B68CD3-23D8-4F8D-A4B2-A80C66F052B2"}],"hiddenMatrix":[1,0,0,0,0,1,0,0,0,0,1,0,0,0,0,1],"interaction":{"uuid":"1FC382F0-3A37-42B7-8F17-C1EF184EC854","events":[{"type":2,"ui":{"isCollapsed":false},"targets":[{"easing":6,"duration":1000,"delay":0,"cubicControls":[0.5,0.05,0.1,0.3],"springParameters":{"mass":1,"stiffness":80,"damping":10,"velocity":0},"object":"9245768C-13F5-4794-A4D6-C60A6CC85CA8","state":"FAE786D7-C330-4FA3-9FBC-C73BACE54D4E"},{"easing":6,"duration":0,"delay":0,"cubicControls":[0.5,0.05,0.1,0.3],"springParameters":{"mass":1,"stiffness":80,"damping":10,"velocity":0},"object":"AFAC4863-2343-494F-933E-F305EAC951BF","state":"84459409-EB32-4B99-AAF7-CE45A9FFFB08"},{"easing":6,"duration":1000,"delay":0,"cubicControls":[0.5,0.05,0.1,0.3],"springParameters":{"mass":1,"stiffness":80,"damping":10,"velocity":0},"object":"A04A6D33-E108-4403-A95D-AEE5792E63DB","state":"2E225BE9-C897-426B-8FA9-D965EC154EF8"},{"easing":4,"duration":1000,"delay":0,"cubicControls":[0.5,0.05,0.1,0.3],"springParameters":{"mass":1,"stiffness":80,"damping":10,"velocity":0},"object":"D0730A8B-5E3C-44DF-9B25-ECBA7D4168DA"},{"easing":4,"duration":1000,"delay":0,"cubicControls":[0.5,0.05,0.1,0.3],"springParameters":{"mass":1,"stiffness":80,"damping":10,"velocity":0}},{"easing":6,"duration":1000,"delay":0,"cubicControls":[0.5,0.05,0.1,0.3],"springParameters":{"mass":1,"stiffness":80,"damping":10,"velocity":0},"object":"31962266-7361-4786-A9C2-119532DB018A","state":"DD4FA3B5-09AC-4B97-8E48-2B051770D79E"},{"easing":6,"duration":1000,"delay":0,"cubicControls":[0.5,0.05,0.1,0.3],"springParameters":{"mass":1,"stiffness":80,"damping":10,"velocity":0},"object":"5A735EC9-8531-4A7B-995D-8D1E04BBF0E7","state":"CA697659-886A-4FAA-A1CC-80E22A10325D"}]}]},"enableHelper":false},{"uuid":"D5163CF2-FDDB-4B77-94E2-83EF29B1060C","objectType":"CombinedCamera","name":"Default Camera","matrix":[1,0,-1.813567e-318,0,0,0.9999999999999996,-6.123233995736764e-17,0,1.813567e-318,6.123233995736762e-17,0.9999999999999993,0,1.81322875e-315,6.123233995736766e-14,1000,1],"layers":1,"userData":{"activeCamera":true},"children":[{"uuid":"E36DD7D9-C88A-4CEA-9A9A-247EBA43D149","type":"DirectionalLight","name":"Default Directional Light","visible":false,"layers":1,"matrix":[1,0,0,0,0,1,0,0,0,0,1,0,850000,1300000,1000000,1],"color":16777215,"intensity":3.4,"shadow":{"camera":{"uuid":"24005C15-B68C-4CB7-9D06-A0CDA6A38BA9","type":"OrthographicCamera","layers":1,"zoom":1,"left":-5,"right":5,"top":5,"bottom":-5,"near":0.5,"far":500}}}],"hiddenMatrix":[1,0,0,0,0,1,0,0,0,0,1,0,0,0,0,1],"interaction":{"uuid":"E9DE2CA0-136A-4F7A-BFDC-495A289FF0B4"},"enableHelper":false,"cameraType":"OrthographicCamera","targetOffset":1000,"left":-1280,"right":1280,"top":659,"bottom":-659,"zoomOrtho":1,"nearOrtho":-50000,"far":100000,"aspect":1.9423368740515934,"fov":45,"focus":10,"filmGauge":35,"filmOffset":0,"zoomPersp":1,"nearPersp":0.1},{"uuid":"420C21CF-7962-4546-AA07-617CDA8CF457","type":"HemisphereLight","name":"Default Ambient Light","userData":{"isDefaultHemisphereLight":true},"layers":1,"matrix":[1,0,0,0,0,1,0,0,0,0,1,0,0,1,0,1],"color":16777215,"intensity":1,"groundColor":8553090}],"activeCamera":"D5163CF2-FDDB-4B77-94E2-83EF29B1060C","camera":"D5163CF2-FDDB-4B77-94E2-83EF29B1060C","directionalLight":"E36DD7D9-C88A-4CEA-9A9A-247EBA43D149","ambientLight":"420C21CF-7962-4546-AA07-617CDA8CF457","color":[1,0.6980392156862745,0.12941176470588237],"alpha":0,"ambientLightState":true,"wireframeState":true,"canvas":{"mode":1,"preset":"fullscreen","editorSize":{"width":2560,"height":1318},"color":[0,0,0,0.5]},"postprocessing":{"enabled":false,"bloom":{"enabled":false,"opacity":1,"blendFunction":16,"intensity":1,"luminanceThreshold":0.9,"luminanceSmoothing":0.025,"blurScale":1,"kernelSize":3},"chromaticAberration":{"enabled":false,"opacity":1,"blendFunction":13,"offset":[10,10]},"vignette":{"enabled":false,"opacity":1,"blendFunction":13,"eskil":false,"darkness":0.5,"offset":0.5},"noise":{"enabled":false,"opacity":1,"blendFunction":14},"colorAverage":{"enabled":false,"opacity":1,"blendFunction":13},"hueSaturation":{"enabled":false,"opacity":1,"blendFunction":13,"_hue":0,"hue":0,"saturation":0},"brightnessContrast":{"enabled":false,"opacity":1,"blendFunction":13,"contrast":0,"brightness":0},"depthOfField":{"enabled":false,"opacity":1,"blendFunction":13,"focalLength":0.1,"focusDistance":0,"bokehScale":1},"pixelation":{"enabled":false,"opacity":1,"blendFunction":13,"granularity":30}}},"metadata":{"version":1.5,"type":"Object","generator":"Object3D.toJSON"},"geometries":[{"uuid":"EF08F219-0304-4196-AE58-C298A81A905A","userData":{"parameters":{"width":131,"widthSegments":64,"heightSegments":64,"phiStart":0,"phiLength":6.283185307179586,"thetaStart":0,"thetaLength":3.141592653589793,"height":131,"depth":131,"extrudeDepth":0,"extrudeBevelSize":0,"extrudeBevelSegments":1},"type":"SphereGeometry"}},{"uuid":"8E1603D7-CA0B-4115-B6B4-5FF9953210A6","userData":{"parameters":{"width":263,"widthSegments":64,"heightSegments":64,"phiStart":0,"phiLength":6.283185307179586,"thetaStart":0,"thetaLength":3.141592653589793,"height":263,"depth":263,"extrudeDepth":0,"extrudeBevelSize":0,"extrudeBevelSegments":1},"type":"SphereGeometry"}},{"uuid":"8572C6C6-2E3A-4964-B5ED-773831767D45","userData":{"parameters":{"width":600,"widthSegments":64,"heightSegments":64,"phiStart":0,"phiLength":6.283185307179586,"thetaStart":0,"thetaLength":3.141592653589793,"height":600,"depth":600,"extrudeDepth":0,"extru